0.62763 0.103877 -0.115885 0
0.635473 0.244757 -0.134764 0
0.505614 0.154127 -0.108239 0
-0.749027 0.251593 0.063777 0
-0.562652 0.219082 0.036188 0
-0.781359 -0.121273 0.146618 0
0.417541 -0.12557 -0.072294 0
-0.026669 -0.084982 -0.007342 0
-0.677663 -0.168718 0.122884 0
0.888226 0.233505 -0.175115 0
-0.677663 -0.168718 0.122884 0
0.487446 0.267472 -0.109514 0
0.024509 0.056741 -0.015199 0
-0.340786 -0.077705 0.033204 0
-0.595523 -0.102596 0.07144 0
0.294936 -0.046389 -0.041675 0
0.446346 0.211332 -0.105055 0
-0.077354 -0.140159 0.004504 0
0.051074 -0.034001 0.008835 0
0.069756 -0.003328 -0.000354 0
-0.724149 0.069881 0.065981 0
-0.724149 0.069881 0.065981 0
-0.15375 -0.245094 0.08916 0
-0.245337 0.337984 0.010327 0
0.282714 -0.112005 -0.052191 0
-0.872503 -0.124705 0.15961 0
-0.326965 0.129034 0.012853 0
0.814623 -0.140405 -0.083717 0
-0.324782 -0.063602 0.032997 0
-0.786506 0.074772 0.071528 0
-0.749027 0.251593 0.063777 0
-0.899641 -0.078053 0.143043 0
0.297662 -0.085414 -0.052506 0
-0.884835 -0.285936 0.195061 0
-0.499936 0.143342 0.029155 0
0.284426 0.156423 -0.07667 0
0.864405 -0.267787 -0.042846 0
0.577418 0.006848 -0.07515 0
-0.44933 0.11533 0.02734 0
-0.499936 0.143342 0.029155 0
-0.184252 -0.010981 0.035224 0
0.554979 0.122497 -0.112348 0
-0.391406 -0.271493 0.127179 0
0.177214 0.143938 -0.057884 0
0.881449 0.018374 -0.126136 0
0.048128 -0.101665 -0.022371 0
0.175141 0.244304 -0.061976 0
0.626878 0.250482 -0.136463 0
0.768641 -0.164114 -0.079839 0
0.685278 -0.312655 -0.005844 0
-0.44933 0.11533 0.02734 0
-0.674669 0.316858 0.063431 0
-0.159228 0.049313 0.008781 0
0.48449 -0.221426 -0.013857 0
-0.047639 -0.267822 0.082531 0
-0.763453 -0.165749 0.132705 0
0.702214 -0.304459 -0.009752 0
-0.14245 -0.189084 0.043222 0
0.177214 0.143938 -0.057884 0
0.498649 0.04339 -0.077562 0
-0.93075 -0.147672 0.177522 0
-0.338547 -0.152965 0.039787 0
0.83181 -0.165179 -0.077692 0
0.398737 -0.164216 -0.058011 0
0.194754 0.308097 -0.057708 0
0.572535 0.120733 -0.11084 0
-0.701372 -0.044014 0.103291 0
0.534797 0.1192 -0.105811 0
0.286464 0.108686 -0.065412 0
0.114611 -0.129921 -0.024692 0
0.189226 -0.206305 0.029198 0
0.666962 0.017552 -0.091598 0
0.297662 -0.085414 -0.052506 0
0.213705 0.215537 -0.067546 0
0.325693 0.15799 -0.079895 0
0.70763 -0.264413 -0.021708 0
-0.295527 0.224209 0.006995 0
-0.303627 0.001852 0.043726 0
0.100219 -0.174247 -0.000564 0
-0.902756 -0.049113 0.130767 0
-0.507305 0.135645 0.029989 0
0.887625 0.195903 -0.171693 0
0.705734 0.294488 -0.144224 0
0.265519 -0.266783 0.040099 0
-0.054606 -0.033454 0.023552 0
0.323689 -0.186113 -0.023804 0
0.896581 0.142323 -0.165976 0
-0.671218 0.25909 0.053751 0
-0.731981 -0.271037 0.167867 0
-0.324969 0.105991 0.017417 0
0.627175 0.093139 -0.115662 0
0.095317 -0.198795 0.025738 0
-0.092681 -0.106958 0.002011 0
0.528079 -0.239263 -0.004758 0
0.282394 -0.11512 -0.047564 0
-0.083676 -0.289455 0.094529 0
0.770256 -0.031767 -0.099442 0
-0.798441 0.102625 0.068136 0
-0.160935 0.290403 -0.00578 0
0.353093 -0.259105 0.026037 0
-0.67733 -0.094475 0.121294 0
0.189226 -0.206305 0.029198 0
-0.202366 0.215476 -0.00823 0
0.185189 -0.08309 -0.033799 0
0.561493 -0.26708 0.000701 0
-0.423986 -0.157226 0.057465 0
-0.30557 0.023603 0.037058 0
-0.859966 -0.202107 0.157414 0
0.764694 -0.075363 -0.105127 0
-0.312826 0.281335 0.011245 0
-0.597563 0.070465 0.051203 0
-0.37687 0.343244 0.030114 0
-0.258749 -0.101311 0.02099 0
0.232036 0.18027 -0.06943 0
0.639824 0.24244 -0.136141 0
-0.260666 0.122579 0.003258 0
0.571252 0.022034 -0.080295 0
-0.424528 0.202888 0.020266 0
-0.271434 -0.331746 0.123012 0
0.747855 0.276582 -0.151218 0
0.303252 0.02682 -0.041603 0
-0.043618 0.140795 -0.026302 0
-0.350098 0.32673 0.022503 0
-0.054303 -0.16566 0.009447 0
-0.047019 -0.240226 0.074264 0
-0.266325 -0.245347 0.102922 0
-0.354687 0.097951 0.01972 0
0.131061 -0.23502 0.049695 0
0.206024 -0.298854 0.05779 0
-0.81311 0.316999 0.082347 0
0.794316 0.262661 -0.158884 0
-0.379913 -0.161511 0.045137 0
0.014529 -0.126407 -0.008948 0
0.606148 0.060895 -0.102265 0
0.446377 0.230147 -0.105324 0
-0.222755 -0.190239 0.055679 0
-0.328286 -0.108818 0.027512 0
0.213705 0.215537 -0.067546 0
-0.727051 0.307777 0.070091 0
0.763837 0.318317 -0.152926 0
0.898559 -0.145655 -0.092765 0
0.31008 0.268002 -0.083868 0
0.871971 -0.179699 -0.076164 0
0.232576 0.128386 -0.060374 0
0.785314 -0.043868 -0.09644 0
0.625583 0.149538 -0.126834 0
0.626878 0.250482 -0.136463 0
-0.731272 0.311063 0.071192 0
0.309558 -0.063272 -0.049146 0
-0.036354 0.141112 -0.029143 0
-0.713146 -0.251529 0.160199 0
-0.410991 -0.245918 0.107136 0
-0.558966 0.20122 0.03498 0
-0.320108 -0.080085 0.029646 0
-0.777975 -0.310282 0.191033 0
-0.859966 -0.202107 0.157414 0
-0.863783 -0.198398 0.158525 0
0.069756 -0.003328 -0.000354 0
-0.335378 -0.184457 0.058514 0
-0.356852 0.111563 0.018253 0
-0.599411 0.078256 0.051742 0
-0.176973 -0.269916 0.096419 0
0.845393 0.223771 -0.167925 0
0.446128 0.034353 -0.066643 0
0.067304 -0.064357 -0.009719 0
-0.775633 -0.244016 0.164701 0
0.83181 -0.165179 -0.077692 0
-0.025537 0.022748 -0.002125 0
-0.353456 -0.301674 0.132587 0
0.609366 -0.015046 -0.086458 0
-0.14244 0.045205 0.009738 0
-0.723993 0.124455 0.056452 0
-0.098826 0.172835 -0.021815 0
-0.156883 -0.179466 0.036316 0
0.371583 -0.111426 -0.063632 0
0.098801 0.032561 -0.014326 0
-0.360684 0.142842 0.014745 0
0.341068 0.053761 -0.059176 0
0.304844 0.280367 -0.080213 0
0.051611 0.004893 -0.000302 0
-0.260666 0.122579 0.003258 0
0.561493 -0.26708 0.000701 0
-0.374521 0.191453 0.012262 0
0.417541 -0.12557 -0.072294 0
0.399888 0.043557 -0.063888 0
-0.245337 0.337984 0.010327 0
0.341068 0.053761 -0.059176 0
-0.092243 -0.063198 0.009721 0
-0.020011 0.153654 -0.031288 0
-0.356274 0.24383 0.014084 0
-0.380228 -0.078452 0.037614 0
0.287163 0.072095 -0.054306 0
-0.121388 -0.187771 0.040202 0
-0.271992 0.002605 0.040404 0
-0.908873 -0.277958 0.193977 0
0.826949 0.217721 -0.165445 0
-0.292537 -0.26792 0.11295 0
-0.625273 0.279878 0.051474 0
0.549471 0.262297 -0.119571 0
-0.442419 -0.026443 0.050074 0
0.353093 -0.259105 0.026037 0
-0.280507 0.16349 0.002303 0
-0.197004 0.301447 0.002518 0
0.395806 -0.030096 -0.050195 0
-0.334237 0.134972 0.013019 0
0.114611 -0.129921 -0.024692 0
0.045433 0.271109 -0.040113 0
0.487446 0.267472 -0.109514 0
-0.12406 0.263423 -0.015563 0
-0.391406 -0.271493 0.127179 0
0.510845 -0.253825 0.003844 0
0.08168 -0.206535 0.036491 0
0.639824 0.24244 -0.136141 0
-0.054303 -0.16566 0.009447 0
-0.528948 0.129438 0.032961 0
-0.458818 -0.009945 0.049948 0
-0.099481 0.290907 -0.017528 0
-0.330256 0.170216 0.007763 0
0.504703 -0.134874 -0.089343 0
0.417541 -0.12557 -0.072294 0
0.540991 -0.217431 -0.023459 0
0.634088 -0.143697 -0.099852 0
0.09834 0.029845 -0.014157 0
0.375404 -0.189415 -0.031951 0
-0.03704 -0.203525 0.048605 0
0.340039 0.2807 -0.088473 0
0.189226 -0.206305 0.029198 0
-0.461754 -0.124127 0.063045 0
-0.724149 0.069881 0.065981 0
-0.853396 -0.00589 0.106757 0
0.223533 0.177703 -0.066942 0
0.768641 -0.164114 -0.079839 0
-0.161792 0.228181 -0.014948 0
0.381918 -0.242703 0.016892 0
-0.198334 0.185458 -0.009361 0
0.100219 -0.174247 -0.000564 0
0.022425 0.122364 -0.030313 0
-0.386307 -0.251132 0.119096 0
0.820026 -0.001168 -0.109358 0
0.675314 -0.183717 -0.076998 0
0.653087 -0.03482 -0.106739 0
0.122732 0.063339 -0.028969 0
-0.558854 0.054849 0.052213 0
-0.168194 0.332468 -0.001523 0
-0.237618 0.001041 0.036068 0
0.75061 0.032612 -0.109983 0
-0.054606 -0.033454 0.023552 0
-0.093853 -0.156 0.010268 0
0.471002 -0.16395 -0.063981 0
0.410129 0.141622 -0.090297 0
0.024509 0.056741 -0.015199 0
0.814623 -0.140405 -0.083717 0
0.116984 -0.172478 -0.005614 0
-0.705293 0.032963 0.073721 0
-0.691572 0.079694 0.060437 0
0.079825 -0.294636 0.072618 0
0.284426 0.156423 -0.07667 0
-0.438437 0.014337 0.054054 0
-0.63858 0.066132 0.055303 0
-0.064792 -0.287175 0.092055 0
-0.597563 0.070465 0.051203 0
-0.707059 -0.014813 0.091053 0
-0.223029 -0.255565 0.100383 0
-0.777975 -0.310282 0.191033 0
-0.333343 0.224398 0.008976 0
0.378276 -0.290681 0.03091 0
0.81903 -0.28406 -0.030484 0
0.028926 0.014496 6.9e-05 0
0.912805 0.255921 -0.178365 0
0.720866 0.056183 -0.117901 0
0.848288 0.175435 -0.164738 0
0.410764 0.19961 -0.098803 0
0.028926 0.014496 6.9e-05 0
-0.362493 -0.004204 0.051949 0
-0.24268 -0.320226 0.119357 0
0.452647 0.234603 -0.105575 0
0.901088 -0.25654 -0.050694 0
0.322857 -0.021864 -0.03309 0
0.561493 -0.26708 0.000701 0
-0.8256 -0.271457 0.180728 0
0.468839 -0.015596 -0.060771 0
0.495342 0.08081 -0.089363 0
0.087921 0.000219 -0.002263 0
0.063874 0.00843 -0.003126 0
0.836028 0.179561 -0.162867 0
0.49546 -0.284828 0.014382 0
-0.018355 0.276484 -0.02825 0
0.133109 0.123748 -0.046092 0
0.73707 -0.205959 -0.049082 0
-0.381439 0.218476 0.015461 0
-0.060055 0.11436 -0.019937 0
-0.716255 0.060352 0.069339 0
0.446128 0.034353 -0.066643 0
0.639824 0.24244 -0.136141 0
0.632161 0.164191 -0.128923 0
-0.00909 0.172069 -0.033758 0
-0.455752 0.087775 0.034074 0
-0.713143 -0.321449 0.183388 0
-0.55461 0.132781 0.034996 0
0.026838 0.246413 -0.037825 0
0.598183 -0.235253 -0.014572 0
-0.671653 0.284112 0.059414 0
-0.257835 -0.299888 0.119186 0
-0.798441 0.102625 0.068136 0
0.606829 -0.162478 -0.091741 0
0.517078 -0.137162 -0.092458 0
0.673494 0.138112 -0.13073 0
0.50923 0.269955 -0.112248 0
0.157465 -0.046574 -0.019202 0
0.27349 -0.197344 -0.006599 0
-0.61148 0.046951 0.05861 0
0.702214 -0.304459 -0.009752 0
0.404262 0.138919 -0.090825 0
-0.141242 0.299459 -0.012808 0
0.857072 0.123679 -0.156289 0
-0.060487 0.272724 -0.02451 0
-0.14245 -0.189084 0.043222 0
-0.61148 0.046951 0.05861 0
-0.601866 0.087293 0.048495 0
0.763809 -0.310407 -0.015424 0
-0.461546 0.048425 0.044898 0
0.912977 -0.015489 -0.115345 0
-0.898075 0.188422 0.076173 0
-0.441508 0.08996 0.032357 0
-0.724149 0.069881 0.065981 0
-0.39503 0.212069 0.014125 0
0.030739 0.181227 -0.038987 0
0.291941 0.09842 -0.062332 0
-0.779959 0.09703 0.066393 0
-0.683379 0.024217 0.074317 0
-0.020011 0.153654 -0.031288 0
0.507203 -0.142046 -0.084799 0
0.821516 -0.250477 -0.042944 0
0.374055 0.00219 -0.043328 0
-0.63848 -0.261846 0.153124 0
0.191258 0.125653 -0.051915 0
-0.44933 0.11533 0.02734 0
-0.713146 -0.251529 0.160199 0
-0.156883 -0.179466 0.036316 0
-0.336678 0.275706 0.015208 0
0.500492 -0.222831 -0.011562 0
-0.683379 0.024217 0.074317 0
0.652174 -0.154938 -0.097574 0
-0.036354 0.141112 -0.029143 0
-0.419941 -0.130802 0.043752 0
-0.106016 -0.196492 0.048024 0
-0.857873 0.145525 0.072338 0
-0.020797 -0.10546 -0.01071 0
-0.929393 -0.089448 0.152078 0
-0.324969 0.105991 0.017417 0
0.5274 0.265732 -0.11501 0
-0.31685 -0.313264 0.128998 0
-0.038993 0.166438 -0.029806 0
0.337859 0.316451 -0.077444 0
-0.005256 0.262724 -0.030758 0
-0.340786 -0.077705 0.033204 0
0.562053 0.195886 -0.123067 0
0.850261 0.253503 -0.168815 0
-0.558948 0.04619 0.053188 0
-0.654315 0.228553 0.047448 0
0.285386 0.221069 -0.079632 0
-0.461221 0.198179 0.024522 0
0.377843 0.157872 -0.090233 0
-0.728006 0.059871 0.067721 0
0.648539 -0.023513 -0.102201 0
-0.625273 0.279878 0.051474 0
-0.716529 0.096625 0.058843 0
0.487446 0.267472 -0.109514 0
0.908575 0.070321 -0.14867 0
-0.099481 0.290907 -0.017528 0
-0.171856 -0.20503 0.06616 0
-0.043405 0.091404 -0.014242 0
0.105584 -0.103218 -0.028516 0
-0.441385 -0.206643 0.07832 0
-0.866153 -0.190513 0.155047 0
-0.715337 -0.212084 0.145001 0
0.351841 -0.094237 -0.062593 0
0.487459 -0.175703 -0.059235 0
-0.61148 0.046951 0.05861 0
-0.601595 -0.115353 0.078139 0
-0.385711 -0.315562 0.139597 0
0.286464 0.108686 -0.065412 0
0.834733 -0.260474 -0.041547 0
-0.265045 -0.022361 0.048325 0
-0.098826 0.172835 -0.021815 0
0.364956 0.03659 -0.058217 0
-0.454761 0.196269 0.023096 0
0.769581 0.15361 -0.149586 0
-0.652027 0.219848 0.047069 0
-0.760745 -0.306514 0.186096 0
0.294936 -0.046389 -0.041675 0
-0.310546 0.271276 0.010463 0
-0.686074 0.277882 0.06186 0
0.663382 0.075614 -0.115603 0
0.834733 -0.260474 -0.041547 0
0.188169 0.211033 -0.05965 0
-0.898075 0.188422 0.076173 0
0.661442 0.256042 -0.139568 0
-0.105442 0.24587 -0.020605 0
0.214519 0.181289 -0.067723 0
0.7903 0.196405 -0.157512 0
0.67556 0.070263 -0.114272 0
-0.420597 -0.22232 0.082832 0
-0.819286 -0.297636 0.190685 0
0.278596 0.294391 -0.072404 0
-0.44933 0.11533 0.02734 0
0.232576 0.128386 -0.060374 0
-0.405606 0.075315 0.033639 0
-0.320108 -0.080085 0.029646 0
-0.271434 -0.331746 0.123012 0
-0.701372 -0.044014 0.103291 0
0.4749 0.230836 -0.108112 0
-0.225555 -0.120531 0.020919 0
0.386251 -0.164178 -0.05484 0
0.830074 -0.146758 -0.086304 0
0.048128 -0.101665 -0.022371 0
-0.552168 -0.157728 0.07161 0
-0.558516 0.089269 0.042896 0
-0.280802 -0.093907 0.026209 0
-0.278557 0.281465 0.007135 0
-0.465803 0.333031 0.038077 0
0.65072 -0.149555 -0.099118 0
0.771823 0.202351 -0.155275 0
0.221271 0.14405 -0.063766 0
0.734646 0.093774 -0.129985 0
0.189226 -0.206305 0.029198 0
0.494938 -0.318647 0.02285 0
0.116984 -0.172478 -0.005614 0
0.49546 -0.284828 0.014382 0
-0.481774 0.028151 0.053268 0
0.414419 0.20728 -0.097794 0
-0.380228 -0.078452 0.037614 0
-0.271434 -0.331746 0.123012 0
0.155571 -0.055696 -0.022885 0
-0.454761 0.196269 0.023096 0
0.175141 0.244304 -0.061976 0
-0.405685 -0.021683 0.063496 0
-0.025537 0.022748 -0.002125 0
-0.623335 0.034302 0.063327 0
-0.324861 -0.044191 0.046227 0
-0.24189 -0.040907 0.03774 0
0.195284 -0.055895 -0.029629 0
-0.30557 0.023603 0.037058 0
0.794316 0.262661 -0.158884 0
-0.677663 -0.168718 0.122884 0
-0.493448 0.051686 0.044181 0
-0.461546 0.048425 0.044898 0
-0.197004 0.301447 0.002518 0
0.739353 -0.119266 -0.106691 0
0.036472 -0.056945 -0.005022 0
0.028926 0.014496 6.9e-05 0
-0.522301 -0.031736 0.048914 0
-0.86755 0.221749 0.074614 0
0.690241 0.268773 -0.142194 0
0.657387 -0.298106 -0.003208 0
0.863223 -0.153157 -0.0871 0
0.118228 0.316589 -0.047421 0
0.528189 -0.050477 -0.090402 0
0.7586 -0.168583 -0.076486 0
0.659855 -0.251201 -0.019304 0
-0.789513 0.216024 0.064673 0
-0.212422 0.000895 0.032672 0
0.632161 0.164191 -0.128923 0
-0.929393 -0.089448 0.152078 0
-0.245012 0.093168 0.007975 0
0.609366 -0.015046 -0.086458 0
0.152973 0.096774 -0.041398 0
-0.67494 0.209881 0.047649 0
-0.361618 -0.05059 0.04101 0
0.210976 0.017997 -0.024231 0
0.593773 0.137299 -0.121347 0
0.497032 0.010836 -0.065355 0
0.206024 -0.298854 0.05779 0
-0.121949 -0.293108 0.100882 0
0.624111 0.252986 -0.131746 0
0.49643 -0.016686 -0.066827 0
-0.929393 -0.089448 0.152078 0
0.768641 -0.164114 -0.079839 0
-0.766004 -0.022279 0.101809 0
0.189226 -0.206305 0.029198 0
-0.31685 -0.313264 0.128998 0
0.475051 0.10682 -0.09202 0
0.85172 -0.13426 -0.090108 0
0.156543 -0.183912 0.001591 0
-0.356852 0.111563 0.018253 0
0.765844 -0.31718 -0.017746 0
-0.761067 -0.048335 0.111747 0
0.571252 0.022034 -0.080295 0
-0.597622 -0.267492 0.151189 0
-0.819334 -0.177641 0.145817 0
-0.336407 0.152218 0.011837 0
0.067304 -0.064357 -0.009719 0
0.176144 -0.08533 -0.033489 0
0.27349 -0.197344 -0.006599 0
-0.264772 0.196825 -0.00296 0
0.129717 -0.275834 0.061537 0
-0.350098 0.32673 0.022503 0
0.495342 0.08081 -0.089363 0
0.14007 -0.169816 -0.010814 0
-0.851935 -0.237894 0.171891 0
0.719304 0.1834 -0.1443 0
-0.802774 -0.0107 0.101993 0
0.240534 0.312852 -0.066553 0
0.321094 0.102707 -0.06653 0
0.733965 0.067667 -0.12184 0
0.7586 -0.168583 -0.076486 0
0.018522 -0.254109 0.068789 0
0.687873 -0.295831 -0.007927 0
-0.510384 0.228783 0.032249 0
-0.461546 0.048425 0.044898 0
0.418396 0.21437 -0.099389 0
0.31008 0.268002 -0.083868 0
-0.736888 0.27416 0.066679 0
0.128727 0.210093 -0.053878 0
0.191258 0.125653 -0.051915 0
-0.03704 -0.203525 0.048605 0
-0.06374 0.208504 -0.031628 0
-0.37687 0.343244 0.030114 0
-0.141081 0.006446 0.024758 0
0.286538 -0.28375 0.042004 0
0.378194 -0.018545 -0.04038 0
0.133116 0.135417 -0.047904 0
-0.015166 0.119963 -0.024541 0
-0.863783 -0.198398 0.158525 0
0.65072 -0.149555 -0.099118 0
-0.8256 -0.271457 0.180728 0
-0.2203 0.025799 0.024886 0
0.783484 0.297262 -0.161227 0
-0.716529 0.096625 0.058843 0
-0.216021 0.007724 0.031738 0
-0.219822 0.155681 -0.00663 0
0.417541 -0.12557 -0.072294 0
-0.932075 -0.181109 0.16087 0
0.67299 0.189136 -0.138365 0
-0.293538 -0.151746 0.032776 0
0.815414 0.283336 -0.162101 0
0.75061 0.032612 -0.109983 0
0.27349 -0.197344 -0.006599 0
0.232576 0.128386 -0.060374 0
0.264416 0.30566 -0.065442 0
-0.106016 -0.196492 0.048024 0
0.241051 0.045172 -0.037395 0
0.47545 0.013152 -0.064769 0
-0.356274 0.24383 0.014084 0
0.640648 0.211186 -0.136107 0
-0.884835 -0.285936 0.195061 0
0.109146 -0.29192 0.070176 0
0.401846 0.065845 -0.071613 0
0.188604 -0.27954 0.053045 0
-0.552168 -0.157728 0.07161 0
-0.812204 -0.164715 0.139866 0
0.446346 0.211332 -0.105055 0
0.097703 -0.280402 0.067335 0
-0.724651 -0.10717 0.13394 0
-0.009259 0.292691 -0.029427 0
-0.254454 -0.021521 0.046063 0
0.406461 0.15456 -0.092593 0
0.446346 0.211332 -0.105055 0
0.563438 0.216902 -0.123129 0
0.160713 -0.140912 -0.027779 0
-0.357078 -0.03532 0.051714 0
-0.194111 0.270953 -0.005939 0
-0.501022 -0.043763 0.044443 0
-0.02027 0.087585 -0.018117 0
0.215868 0.189797 -0.068705 0
-0.442317 0.306193 0.033025 0
0.000119 -0.038821 0.012167 0
0.627666 -0.298549 2e-05 0
-0.774387 -0.235189 0.161727 0
0.404262 0.138919 -0.090825 0
0.838948 0.151199 -0.159839 0
0.435542 0.292302 -0.100937 0
0.731912 -0.054846 -0.116588 0
0.891938 -0.009599 -0.115406 0
0.794316 0.262661 -0.158884 0
-0.380372 -0.000928 0.053158 0
0.886473 0.295005 -0.17213 0
0.232154 0.22533 -0.069071 0
-0.156883 -0.179466 0.036316 0
-0.691572 0.079694 0.060437 0
0.849353 -0.28727 -0.034843 0
0.036472 -0.056945 -0.005022 0
-0.745249 0.118179 0.058568 0
0.5202 -0.070646 -0.088132 0
-0.106016 -0.196492 0.048024 0
0.003777 -0.022366 0.015976 0
0.864853 -0.141956 -0.093156 0
0.212909 0.265499 -0.06836 0
-0.781359 -0.121273 0.146618 0
-0.37687 0.343244 0.030114 0
0.635004 0.224235 -0.134436 0
-0.106325 0.126026 -0.014395 0
-0.224273 -0.331807 0.119505 0
0.919012 -0.255191 -0.056033 0
0.920466 -0.210016 -0.072409 0
0.131061 -0.23502 0.049695 0
-0.81431 0.229635 0.069992 0
-0.214485 -0.04328 0.036639 0
-0.586749 0.043664 0.058015 0
0.189226 -0.206305 0.029198 0
-0.455752 0.087775 0.034074 0
0.46461 -0.09737 -0.076939 0
0.707641 -0.209061 -0.050126 0
-0.095965 -0.169612 0.024412 0
-0.68754 0.270784 0.057701 0
0.747978 -0.057943 -0.112028 0
0.371583 -0.111426 -0.063632 0
-0.789987 0.036569 0.081898 0
0.533305 0.062686 -0.091828 0
0.373193 0.066482 -0.068002 0
0.278719 -0.266801 0.038868 0
-0.67733 -0.094475 0.121294 0
-0.503177 -0.031772 0.04981 0
0.615632 0.059116 -0.101242 0
0.848288 0.175435 -0.164738 0
-0.519168 -0.060651 0.042198 0
0.556842 0.186628 -0.120399 0
-0.39503 0.212069 0.014125 0
0.186705 0.161903 -0.059197 0
0.769156 0.300052 -0.152729 0
-0.625273 0.279878 0.051474 0
-0.234203 -0.119141 0.020949 0
0.446377 0.230147 -0.105324 0
0.133257 -0.163451 -0.012793 0
-0.55461 0.132781 0.034996 0
-0.048655 0.131432 -0.022962 0
0.468839 -0.015596 -0.060771 0
-0.141242 0.299459 -0.012808 0
0.398737 -0.164216 -0.058011 0
0.884124 -0.067434 -0.091014 0
0.191258 0.125653 -0.051915 0
-0.703691 -0.153428 0.125592 0
-0.038412 -0.260932 0.07931 0
0.152136 -0.311692 0.067583 0
0.660249 0.014875 -0.091278 0
0.75998 -0.010544 -0.094669 0
0.738831 0.287506 -0.147835 0
0.239988 0.281716 -0.067385 0
0.036472 -0.056945 -0.005022 0
-0.845835 0.318798 0.087752 0
-0.281206 0.278161 0.004972 0
0.000119 -0.038821 0.012167 0
0.615632 0.059116 -0.101242 0
0.636051 -0.11278 -0.104502 0
-0.505242 0.244665 0.031013 0
-0.106016 -0.196492 0.048024 0
-0.85689 -0.208619 0.162899 0
-0.81311 0.316999 0.082347 0
0.593773 0.137299 -0.121347 0
-0.715337 -0.212084 0.145001 0
-0.60301 0.097721 0.046053 0
-0.586749 0.043664 0.058015 0
0.123564 0.300063 -0.051513 0
0.748076 0.015318 -0.102913 0
-0.884835 -0.285936 0.195061 0
-0.219353 0.067818 0.0136 0
0.241051 0.045172 -0.037395 0
0.84666 -0.02621 -0.102516 0
0.073168 0.168645 -0.045058 0
0.148094 -0.097011 -0.031815 0
-0.168194 0.332468 -0.001523 0
-0.318659 -0.184505 0.052989 0
-0.45385 0.222295 0.024269 0
0.871871 -0.091063 -0.079102 0
0.790988 0.172049 -0.154477 0
-0.592053 0.09586 0.045981 0
-0.335378 -0.184457 0.058514 0
0.661442 0.256042 -0.139568 0
0.420336 -0.177344 -0.048785 0
0.000119 -0.038821 0.012167 0
-0.44933 0.11533 0.02734 0
-0.74625 -0.025079 0.101901 0
-0.102583 0.143989 -0.018452 0
-0.374521 0.191453 0.012262 0
-0.319013 0.151158 0.009293 0
-0.310628 0.174191 0.006163 0
-0.683471 -0.316796 0.178888 0
-0.59593 -0.185547 0.102776 0
0.325693 0.15799 -0.079895 0
-0.492823 0.231289 0.02873 0
-0.441385 -0.206643 0.07832 0
-0.506028 -0.078038 0.04291 0
-0.702319 0.042978 0.071588 0
-0.424528 0.202888 0.020266 0
0.660249 0.014875 -0.091278 0
-0.734807 0.323679 0.07489 0
-0.043618 0.140795 -0.026302 0
-0.405685 -0.021683 0.063496 0
-0.39503 0.212069 0.014125 0
0.564162 0.278734 -0.121109 0
0.418396 0.21437 -0.099389 0
-0.701372 -0.044014 0.103291 0
-0.920642 0.167859 0.076623 0
-0.194111 0.270953 -0.005939 0
0.571252 0.022034 -0.080295 0
0.487459 -0.175703 -0.059235 0
0.62763 0.103877 -0.115885 0
-0.597622 -0.267492 0.151189 0
-0.722083 0.255427 0.059764 0
-0.505242 0.244665 0.031013 0
0.245054 0.055 -0.040983 0
0.494938 -0.318647 0.02285 0
-0.649486 0.287577 0.057028 0
0.820026 -0.001168 -0.109358 0
0.558178 0.172325 -0.119974 0
-0.652027 0.219848 0.047069 0
-0.038063 0.067043 -0.009791 0
0.418396 0.21437 -0.099389 0
-0.37687 0.343244 0.030114 0
0.407329 0.2338 -0.097275 0
0.859319 0.126797 -0.156161 0
0.407329 0.2338 -0.097275 0
-0.185545 -0.293456 0.10552 0
0.435064 -0.024516 -0.059791 0
0.533305 0.062686 -0.091828 0
-0.197004 0.301447 0.002518 0
0.386251 -0.164178 -0.05484 0
-0.586749 0.043664 0.058015 0
0.381918 -0.242703 0.016892 0
0.272461 -0.004826 -0.025642 0
-0.159525 -0.322168 0.111757 0
0.306264 -0.206507 -0.00288 0
-0.117876 -0.303274 0.103196 0
-0.828909 0.061425 0.081926 0
0.060731 -0.14923 -0.01364 0
0.509412 0.250493 -0.115954 0
-0.024854 -0.069932 -0.002711 0
0.6091 -0.152174 -0.097904 0
-0.880811 -0.20115 0.161622 0
-0.722083 0.255427 0.059764 0
0.05446 0.267467 -0.040192 0
0.6091 -0.152174 -0.097904 0
-0.424528 0.202888 0.020266 0
0.418396 0.21437 -0.099389 0
-0.801643 0.219827 0.066907 0
0.410129 0.141622 -0.090297 0
0.685224 -0.305378 -0.006747 0
-0.394303 0.034002 0.041832 0
0.13412 0.01886 -0.015053 0
-0.598009 0.232136 0.039907 0
-0.39503 0.212069 0.014125 0
-0.533665 0.012523 0.062613 0
-0.481774 0.028151 0.053268 0
0.5202 -0.070646 -0.088132 0
-0.239322 -0.062985 0.027901 0
-0.674669 0.316858 0.063431 0
-0.691597 0.107923 0.056623 0
-0.567379 -0.020413 0.059595 0
-0.254454 -0.021521 0.046063 0
0.585383 -0.205693 -0.049888 0
-0.106016 -0.196492 0.048024 0
0.666962 0.017552 -0.091598 0
-0.267001 -0.0917 0.023006 0
-0.930949 -0.102824 0.157104 0
0.577418 0.006848 -0.07515 0
0.060749 0.256349 -0.044641 0
0.253144 -0.007823 -0.019959 0
0.100219 -0.174247 -0.000564 0
0.186797 -0.277715 0.053967 0
-0.083182 -0.175573 0.021968 0
0.168061 -0.252488 0.051089 0
0.200388 -0.102655 -0.040581 0
0.063874 0.00843 -0.003126 0
0.681306 0.049802 -0.10913 0
0.141442 0.250168 -0.055074 0
0.562053 0.195886 -0.123067 0
0.705734 0.294488 -0.144224 0
-0.236617 0.108878 0.003066 0
-0.461221 0.198179 0.024522 0
-0.844965 -0.210484 0.159723 0
-0.161792 0.228181 -0.014948 0
-0.060792 -0.060641 0.004397 0
0.186797 -0.277715 0.053967 0
-0.112965 0.079648 -0.004981 0
0.371583 -0.111426 -0.063632 0
0.763837 0.318317 -0.152926 0
-0.461546 0.048425 0.044898 0
0.014529 -0.126407 -0.008948 0
-0.506028 -0.078038 0.04291 0
0.147982 -0.191618 0.008535 0
0.755572 -0.308106 -0.016345 0
0.150319 0.043864 -0.027188 0
0.053575 0.095159 -0.029673 0
-0.683471 -0.316796 0.178888 0
0.877924 0.253244 -0.172153 0
0.036472 -0.056945 -0.005022 0
0.638434 -0.221621 -0.039895 0
0.505706 -0.117797 -0.088288 0
0.060749 0.256349 -0.044641 0
0.640648 0.211186 -0.136107 0
0.645258 0.209492 -0.134165 0
0.14424 -0.219018 0.041942 0
0.41611 -0.157055 -0.062814 0
0.186705 0.161903 -0.059197 0
-0.343435 -0.335445 0.133718 0
0.717715 0.124432 -0.135457 0
-0.461546 0.048425 0.044898 0
0.539376 -0.237464 -0.005622 0
0.494442 -0.26568 0.011584 0
-0.326965 0.129034 0.012853 0
-0.050462 -0.13436 -0.00104 0
0.648539 -0.023513 -0.102201 0
0.49546 -0.284828 0.014382 0
-0.230922 -0.297126 0.114022 0
0.550513 0.100383 -0.10459 0
0.476632 0.111609 -0.096046 0
-0.662291 -0.003249 0.07851 0
0.786668 -0.068867 -0.086407 0
0.770277 -0.29268 -0.019414 0
-0.74625 -0.025079 0.101901 0
-0.280507 0.16349 0.002303 0
0.487446 0.267472 -0.109514 0
0.786668 -0.068867 -0.086407 0
0.241545 0.195596 -0.068772 0
-0.601595 -0.115353 0.078139 0
-0.378897 -0.332253 0.141141 0
-0.801643 0.219827 0.066907 0
0.747855 0.276582 -0.151218 0
-0.567379 -0.020413 0.059595 0
0.423251 0.059377 -0.075299 0
-0.106016 -0.196492 0.048024 0
0.769345 0.081583 -0.131244 0
-0.381247 -0.044431 0.050211 0
0.272461 -0.004826 -0.025642 0
0.574472 -0.162422 -0.09235 0
-0.66582 0.20941 0.047785 0
0.306264 -0.206507 -0.00288 0
0.322857 -0.021864 -0.03309 0
-0.898075 0.188422 0.076173 0
0.783166 -0.09771 -0.094083 0
0.221271 0.14405 -0.063766 0
0.807144 -0.235048 -0.04717 0
0.603535 0.143943 -0.12257 0
-0.442317 0.306193 0.033025 0
-0.859966 -0.202107 0.157414 0
-0.910719 -0.329491 0.212814 0
-0.013592 0.180687 -0.033517 0
0.155146 0.126584 -0.053085 0
0.870192 -0.134342 -0.093783 0
0.858923 0.280685 -0.167415 0
-0.510694 -0.093919 0.050521 0
0.857167 -0.296814 -0.03339 0
0.754943 0.055983 -0.121999 0
0.377843 0.157872 -0.090233 0
-0.567379 -0.020413 0.059595 0
0.645258 0.209492 -0.134165 0
0.522919 0.001238 -0.068848 0
-0.51999 -0.190827 0.081776 0
-0.826608 -0.033426 0.11381 0
0.036472 -0.056945 -0.005022 0
-0.880811 -0.20115 0.161622 0
-0.489366 -0.117157 0.065656 0
-0.852618 -0.152995 0.163326 0
-0.150692 0.089858 -0.001529 0
0.214519 0.181289 -0.067723 0
0.871971 -0.179699 -0.076164 0
0.627124 0.184652 -0.131232 0
-0.02027 0.087585 -0.018117 0
0.884124 -0.067434 -0.091014 0
-0.580026 0.315023 0.05237 0
-0.077354 -0.140159 0.004504 0
0.373193 0.066482 -0.068002 0
0.857072 0.123679 -0.156289 0
0.030739 0.181227 -0.038987 0
-0.674669 0.316858 0.063431 0
0.640648 0.211186 -0.136107 0
-0.225555 -0.120531 0.020919 0
-0.691572 0.079694 0.060437 0
-0.420597 -0.22232 0.082832 0
0.420336 -0.177344 -0.048785 0
0.176723 -0.265775 0.05155 0
-0.592365 0.025103 0.064814 0
0.280997 0.244104 -0.078058 0
0.446346 0.211332 -0.105055 0
-0.869734 0.275875 0.082914 0
0.118228 0.316589 -0.047421 0
0.139958 -0.119128 -0.027192 0
0.794134 0.245217 -0.160359 0
-0.222299 0.25424 -0.005736 0
-0.173794 -0.037964 0.033777 0
-0.924402 0.068775 0.090358 0
-0.652027 0.219848 0.047069 0
-0.254493 -0.115035 0.015956 0
0.65072 -0.149555 -0.099118 0
-0.932075 -0.181109 0.16087 0
-0.599411 0.078256 0.051742 0
-0.025537 0.022748 -0.002125 0
-0.092527 -0.152806 0.013012 0
0.390336 0.233009 -0.096023 0
-0.02372 0.311181 -0.023906 0
0.341068 0.053761 -0.059176 0
-0.12406 0.263423 -0.015563 0
0.639824 0.24244 -0.136141 0
0.577344 0.157503 -0.120379 0
0.40199 0.236996 -0.096478 0
0.572535 0.120733 -0.11084 0
0.842823 -0.294976 -0.03212 0
0.051074 -0.034001 0.008835 0
-0.691572 0.079694 0.060437 0
0.25845 0.05704 -0.047037 0
0.065563 -0.323602 0.079428 0
0.178619 0.322791 -0.054211 0
-0.265045 -0.022361 0.048325 0
-0.851935 -0.237894 0.171891 0
-0.092681 -0.106958 0.002011 0
-0.633942 0.205456 0.043201 0
-0.90097 -0.300891 0.201576 0
0.840164 -0.041317 -0.095475 0
0.826949 0.217721 -0.165445 0
0.659855 -0.251201 -0.019304 0
0.152973 0.096774 -0.041398 0
-0.70141 -0.281774 0.167839 0
-0.8068 -0.043528 0.117901 0
-0.635641 0.24135 0.048441 0
0.490889 -0.051634 -0.083282 0
-0.886611 -0.29063 0.19833 0
-0.724149 0.069881 0.065981 0
-0.219822 0.155681 -0.00663 0
0.814623 -0.140405 -0.083717 0
-0.334237 0.134972 0.013019 0
0.030739 0.181227 -0.038987 0
-0.812204 -0.164715 0.139866 0
-0.589834 -0.05138 0.064952 0
-0.025537 0.022748 -0.002125 0
-0.724149 0.069881 0.065981 0
-0.798441 0.102625 0.068136 0
0.016203 0.012725 0.000698 0
-0.14245 -0.189084 0.043222 0
0.794359 -0.058094 -0.086112 0
0.754943 0.055983 -0.121999 0
0.62763 0.103877 -0.115885 0
0.488012 0.038092 -0.074646 0
0.675314 -0.183717 -0.076998 0
-0.754418 -0.010001 0.096449 0
-0.411825 -0.323425 0.14367 0
-0.72387 0.081701 0.063414 0
-0.847584 0.161023 0.070854 0
-0.371485 0.085947 0.026956 0
-0.682631 0.110076 0.053603 0
0.446377 0.230147 -0.105324 0
-0.316916 0.180966 0.004901 0
0.765844 -0.31718 -0.017746 0
-0.15375 -0.245094 0.08916 0
0.18113 0.026695 -0.023271 0
0.316159 -0.210193 0.00797 0
-0.216021 0.007724 0.031738 0
0.476632 0.111609 -0.096046 0
0.316159 -0.210193 0.00797 0
0.076695 0.305381 -0.040423 0
0.648539 -0.023513 -0.102201 0
0.641659 0.102374 -0.119642 0
0.656909 0.314624 -0.130899 0
-0.777975 -0.310282 0.191033 0
-0.053211 -0.281152 0.085113 0
0.56235 0.317083 -0.116041 0
0.487446 0.267472 -0.109514 0
-0.67733 -0.094475 0.121294 0
-0.851935 -0.237894 0.171891 0
0.182522 -0.19397 0.007795 0
0.165937 0.293111 -0.052951 0
-0.91163 -0.216886 0.171222 0
0.414851 0.312085 -0.093937 0
0.487446 0.267472 -0.109514 0
0.719304 0.1834 -0.1443 0
-0.187213 -0.233052 0.087995 0
0.036472 -0.056945 -0.005022 0
0.446346 0.211332 -0.105055 0
-0.932075 -0.181109 0.16087 0
-0.8068 -0.043528 0.117901 0
0.626878 0.250482 -0.136463 0
-0.63858 0.066132 0.055303 0
-0.150692 0.089858 -0.001529 0
0.655388 0.139146 -0.128171 0
0.75998 -0.010544 -0.094669 0
0.206024 -0.298854 0.05779 0
-0.378897 -0.332253 0.141141 0
0.574472 -0.162422 -0.09235 0
0.024509 0.056741 -0.015199 0
-0.612163 0.151043 0.042677 0
-0.875305 0.179986 0.073324 0
0.404262 0.138919 -0.090825 0
0.906547 -0.137178 -0.097871 0
0.273848 -0.024703 -0.023052 0
-0.505242 0.244665 0.031013 0
0.297662 -0.085414 -0.052506 0
-0.510384 0.228783 0.032249 0
-0.552168 -0.157728 0.07161 0
0.533305 0.062686 -0.091828 0
-0.02027 0.087585 -0.018117 0
0.702214 -0.304459 -0.009752 0
-0.61097 -0.306113 0.166519 0
0.480628 -0.054286 -0.081851 0
-0.577753 0.183961 0.035574 0
-0.63493 -0.292578 0.165202 0
-0.614047 -0.177208 0.105348 0
0.864853 -0.141956 -0.093156 0
-0.51999 -0.190827 0.081776 0
-0.293446 0.133208 0.005625 0
0.639824 0.24244 -0.136141 0
-0.360684 0.142842 0.014745 0
-0.92561 0.237109 0.085001 0
0.730497 0.302305 -0.146724 0
0.030739 0.181227 -0.038987 0
0.156543 -0.183912 0.001591 0
0.850261 0.253503 -0.168815 0
-0.095965 -0.169612 0.024412 0
-0.310546 0.271276 0.010463 0
0.763837 0.318317 -0.152926 0
-0.740778 0.294493 0.069557 0
0.186705 0.161903 -0.059197 0
-0.038063 0.067043 -0.009791 0
0.738831 0.287506 -0.147835 0
-0.222299 0.25424 -0.005736 0
-0.654684 0.006759 0.075728 0
-0.106016 -0.196492 0.048024 0
-0.31685 -0.313264 0.128998 0
-0.381247 -0.044431 0.050211 0
0.100219 -0.174247 -0.000564 0
-0.686074 0.277882 0.06186 0
0.65072 -0.149555 -0.099118 0
-0.539245 0.195146 0.033023 0
0.656909 0.314624 -0.130899 0
0.4748 0.173052 -0.107457 0
-0.754418 -0.010001 0.096449 0
-0.727456 -0.32149 0.187445 0
0.265289 -0.30301 0.05077 0
-0.595523 -0.102596 0.07144 0
-0.93075 -0.147672 0.177522 0
0.571252 0.022034 -0.080295 0
-0.438437 0.014337 0.054054 0
0.888226 0.233505 -0.175115 0
-0.095965 -0.169612 0.024412 0
0.842823 -0.294976 -0.03212 0
0.053679 0.138681 -0.038857 0
0.790988 0.172049 -0.154477 0
-0.067109 -0.072527 -0.001012 0
-0.727051 0.307777 0.070091 0
0.3806 -0.24954 0.01841 0
0.507203 -0.142046 -0.084799 0
-0.245337 0.337984 0.010327 0
-0.429279 -0.188785 0.068244 0
-0.366796 0.193265 0.01248 0
0.176144 -0.08533 -0.033489 0
0.744607 0.193285 -0.150694 0
-0.15375 -0.245094 0.08916 0
-0.825702 -0.318685 0.198094 0
0.189226 -0.206305 0.029198 0
0.129717 -0.275834 0.061537 0
0.147624 0.221028 -0.059883 0
0.83181 -0.165179 -0.077692 0
0.490889 -0.051634 -0.083282 0
-0.060055 0.11436 -0.019937 0
-0.424375 0.189983 0.017046 0
-0.592053 0.09586 0.045981 0
0.559284 0.081683 -0.100052 0
0.625583 0.149538 -0.126834 0
-0.724149 0.069881 0.065981 0
-0.851935 -0.237894 0.171891 0
0.6388 0.144949 -0.129133 0
-0.160935 0.290403 -0.00578 0
0.390336 0.233009 -0.096023 0
-0.230922 -0.297126 0.114022 0
0.769627 0.251304 -0.156039 0
-0.366796 0.193265 0.01248 0
-0.804847 -0.201739 0.152613 0
0.109146 -0.29192 0.070176 0
-0.866153 -0.190513 0.155047 0
-0.2831 -0.099827 0.026308 0
-0.815265 -0.094444 0.139996 0
0.533305 0.062686 -0.091828 0
0.68569 0.152658 -0.134882 0
-0.627681 0.199566 0.044514 0
-0.176973 -0.269916 0.096419 0
0.648539 -0.023513 -0.102201 0
0.768562 -0.0991 -0.10148 0
-0.303627 0.001852 0.043726 0
0.398737 -0.164216 -0.058011 0
0.51171 0.114452 -0.10212 0
-0.433684 -0.217707 0.087076 0
-0.070477 -0.040359 0.017678 0
0.85172 -0.13426 -0.090108 0
0.098801 0.032561 -0.014326 0
-0.320108 -0.080085 0.029646 0
-0.211378 -0.128785 0.018402 0
-0.099481 0.290907 -0.017528 0
-0.716255 0.060352 0.069339 0
-0.24189 -0.040907 0.03774 0
-0.627681 0.199566 0.044514 0
0.458445 0.045415 -0.072731 0
0.65072 -0.149555 -0.099118 0
0.650459 0.297979 -0.132967 0
0.475051 0.10682 -0.09202 0
0.377843 0.157872 -0.090233 0
-0.187428 -0.110252 0.010675 0
-0.24189 -0.040907 0.03774 0
0.521628 -0.126389 -0.091859 0
0.282394 -0.11512 -0.047564 0
-0.182811 0.329504 0.001244 0
0.898559 -0.145655 -0.092765 0
0.663174 -0.272598 -0.01115 0
0.282394 -0.11512 -0.047564 0
0.195284 -0.055895 -0.029629 0
0.842823 -0.294976 -0.03212 0
-0.269865 0.299625 0.006995 0
0.037485 -0.013052 0.008543 0
-0.202048 -0.091058 0.014348 0
0.122732 0.063339 -0.028969 0
-0.258749 -0.101311 0.02099 0
0.265289 -0.30301 0.05077 0
-0.510694 -0.093919 0.050521 0
0.638626 0.22025 -0.133658 0
-0.522301 -0.031736 0.048914 0
-0.592053 0.09586 0.045981 0
-0.067109 -0.072527 -0.001012 0
-0.530865 -0.202279 0.085901 0
0.529056 0.117025 -0.10437 0
0.095317 -0.198795 0.025738 0
0.152136 -0.311692 0.067583 0
0.273848 -0.024703 -0.023052 0
0.644144 0.074944 -0.109742 0
-0.319013 0.151158 0.009293 0
-0.117876 -0.303274 0.103196 0
-0.772275 -0.088626 0.13067 0
0.490794 -0.008035 -0.063313 0
0.67299 0.189136 -0.138365 0
-0.899641 -0.078053 0.143043 0
0.790988 0.172049 -0.154477 0
0.495342 0.08081 -0.089363 0
0.627124 0.184652 -0.131232 0
-0.371485 0.085947 0.026956 0
-0.522301 -0.031736 0.048914 0
-0.197004 0.301447 0.002518 0
-0.908692 -0.106584 0.156705 0
0.125077 0.004941 -0.010126 0
-0.761067 -0.048335 0.111747 0
-0.567379 -0.020413 0.059595 0
-0.340402 -0.045519 0.046398 0
0.533305 0.062686 -0.091828 0
0.681306 0.049802 -0.10913 0
0.784032 -0.168181 -0.069251 0
0.311793 0.250843 -0.085132 0
-0.703691 -0.153428 0.125592 0
0.080163 0.259318 -0.047262 0
-0.774387 -0.235189 0.161727 0
0.446346 0.211332 -0.105055 0
-0.563921 -0.003413 0.062864 0
-0.410991 -0.245918 0.107136 0
-0.336678 0.275706 0.015208 0
0.021957 0.116945 -0.030016 0
0.781162 -0.245417 -0.039773 0
-0.237618 0.001041 0.036068 0
0.635473 0.244757 -0.134764 0
0.714656 0.248312 -0.148089 0
-0.340786 -0.077705 0.033204 0
-0.859966 -0.202107 0.157414 0
0.189226 -0.206305 0.029198 0
0.897064 -0.096586 -0.083008 0
-0.815265 -0.094444 0.139996 0
0.908575 0.070321 -0.14867 0
-0.158475 0.161749 -0.009545 0
-0.340786 -0.077705 0.033204 0
0.655388 0.139146 -0.128171 0
0.495342 0.08081 -0.089363 0
-0.257835 -0.299888 0.119186 0
0.152973 0.096774 -0.041398 0
0.022425 0.122364 -0.030313 0
-0.859966 -0.202107 0.157414 0
-0.728006 0.059871 0.067721 0
-0.724149 0.069881 0.065981 0
0.546287 0.168005 -0.116957 0
-0.845835 0.318798 0.087752 0
-0.327116 -0.233233 0.10521 0
0.483351 -0.230553 -0.001465 0
-0.203745 -0.304564 0.113485 0
-0.828909 0.061425 0.081926 0
-0.642867 -0.101641 0.105751 0
0.655268 -0.306763 -0.000981 0
-0.080605 -0.324014 0.098761 0
-0.854988 -0.255117 0.17812 0
0.754943 0.055983 -0.121999 0
0.062052 -0.202373 0.030573 0
0.781162 -0.245417 -0.039773 0
-0.702319 0.042978 0.071588 0
-0.888218 0.215125 0.07873 0
-0.324782 -0.063602 0.032997 0
0.063874 0.00843 -0.003126 0
-0.036354 0.141112 -0.029143 0
-0.786506 0.074772 0.071528 0
-0.53343 -0.314536 0.157729 0
0.530428 0.186093 -0.113699 0
-0.811666 0.007091 0.095139 0
-0.362522 -0.123702 0.036972 0
-0.409732 -0.000349 0.055067 0
-0.86755 0.221749 0.074614 0
-0.674525 0.208988 0.048092 0
-0.045225 -0.248501 0.076037 0
0.681239 0.294002 -0.138529 0
-0.2774 0.00852 0.039019 0
-0.44933 0.11533 0.02734 0
-0.869734 0.275875 0.082914 0
0.169303 -0.112906 -0.032662 0
0.026838 0.246413 -0.037825 0
-0.55461 0.132781 0.034996 0
0.022425 0.122364 -0.030313 0
-0.766004 -0.022279 0.101809 0
0.785173 0.101808 -0.139079 0
-0.258749 -0.101311 0.02099 0
-0.465803 0.333031 0.038077 0
-0.725342 -0.332693 0.189359 0
-0.230922 -0.297126 0.114022 0
0.097196 -0.319007 0.074583 0
-0.168194 0.332468 -0.001523 0
0.069656 0.211898 -0.047561 0
-0.26235 0.331033 0.014732 0
0.323689 -0.186113 -0.023804 0
-0.828909 0.061425 0.081926 0
0.245054 0.055 -0.040983 0
0.840164 -0.041317 -0.095475 0
-0.575971 0.22101 0.037565 0
-0.592974 -0.316842 0.167204 0
-0.236617 0.108878 0.003066 0
0.754313 -0.285826 -0.020758 0
-0.197004 0.301447 0.002518 0
-0.219064 -0.162443 0.027742 0
0.446346 0.211332 -0.105055 0
-0.794983 -0.11984 0.148776 0
0.401846 0.065845 -0.071613 0
0.188604 -0.27954 0.053045 0
-0.321076 0.022722 0.036812 0
0.124227 -0.016167 -0.000119 0
0.268645 -0.065785 -0.043072 0
-0.533665 0.012523 0.062613 0
-0.219348 -0.059346 0.030529 0
-0.280507 0.16349 0.002303 0
0.46104 0.178558 -0.105358 0
-0.411825 -0.323425 0.14367 0
0.150319 0.043864 -0.027188 0
-0.924402 0.068775 0.090358 0
-0.496819 -0.302946 0.150626 0
-0.563921 -0.003413 0.062864 0
-0.048655 0.131432 -0.022962 0
0.639824 0.24244 -0.136141 0
-0.728006 0.059871 0.067721 0
0.476359 -0.031588 -0.070896 0
-0.761067 -0.048335 0.111747 0
-0.55288 -0.324318 0.163779 0
-0.707059 -0.014813 0.091053 0
-0.092243 -0.063198 0.009721 0
-0.674669 0.316858 0.063431 0
0.418396 0.21437 -0.099389 0
-0.927215 0.248245 0.087107 0
0.707641 -0.209061 -0.050126 0
0.089367 0.143344 -0.044227 0
-0.129783 0.153664 -0.016402 0
-0.043618 0.140795 -0.026302 0
0.227037 -0.221897 0.029812 0
-0.060055 0.11436 -0.019937 0
-0.873739 0.07939 0.081279 0
0.528079 -0.239263 -0.004758 0
0.738831 0.287506 -0.147835 0
-0.374521 0.191453 0.012262 0
-0.847929 0.207769 0.070987 0
0.652168 0.048665 -0.103753 0
0.747855 0.276582 -0.151218 0
0.188604 -0.27954 0.053045 0
-0.366796 0.193265 0.01248 0
-0.615623 0.129472 0.039585 0
0.849353 -0.28727 -0.034843 0
-0.369297 0.304928 0.022815 0
0.435064 -0.024516 -0.059791 0
-0.265045 -0.022361 0.048325 0
0.011714 0.171056 -0.035028 0
-0.602603 -0.230377 0.139244 0
-0.908692 -0.106584 0.156705 0
-0.274052 -0.125836 0.026273 0
0.908575 0.070321 -0.14867 0
0.378276 -0.290681 0.03091 0
-0.069087 -0.141585 -0.001877 0
-0.533665 0.012523 0.062613 0
-0.324969 0.105991 0.017417 0
-0.216021 0.007724 0.031738 0
0.78761 0.302952 -0.15549 0
-0.93075 -0.147672 0.177522 0
0.878667 -0.099584 -0.074316 0
-0.866153 -0.190513 0.155047 0
0.221138 -0.095501 -0.043034 0
-0.443509 0.140191 0.022679 0
0.473489 -0.295335 0.020972 0
-0.333343 0.224398 0.008976 0
-0.652027 0.219848 0.047069 0
-0.612163 0.151043 0.042677 0
-0.703691 -0.153428 0.125592 0
0.807336 -0.029561 -0.09644 0
-0.811666 0.007091 0.095139 0
-0.588969 0.23857 0.041184 0
-0.605349 -0.221096 0.133455 0
-0.218688 0.137293 -0.001086 0
0.398737 -0.164216 -0.058011 0
0.521628 -0.126389 -0.091859 0
-0.225555 -0.120531 0.020919 0
-0.03704 -0.203525 0.048605 0
-0.8068 -0.043528 0.117901 0
0.212909 0.265499 -0.06836 0
-0.150692 0.089858 -0.001529 0
-0.266325 -0.245347 0.102922 0
-0.362493 -0.004204 0.051949 0
-0.763453 -0.165749 0.132705 0
-0.266325 -0.245347 0.102922 0
0.864405 -0.267787 -0.042846 0
0.062858 0.198926 -0.045283 0
-0.683471 -0.316796 0.178888 0
0.794625 0.053915 -0.127858 0
-0.558516 0.089269 0.042896 0
0.81903 -0.28406 -0.030484 0
0.091235 0.171291 -0.045575 0
0.82118 0.080693 -0.140049 0
-0.405685 -0.021683 0.063496 0
-0.93075 -0.147672 0.177522 0
0.232036 0.18027 -0.06943 0
0.48115 -0.261081 0.009526 0
-0.168194 0.332468 -0.001523 0
0.521628 -0.126389 -0.091859 0
-0.254493 -0.115035 0.015956 0
0.840164 -0.041317 -0.095475 0
-0.060597 0.100488 -0.015106 0
-0.910719 -0.329491 0.212814 0
0.414419 0.20728 -0.097794 0
-0.212422 0.000895 0.032672 0
-0.050462 -0.13436 -0.00104 0
-0.577546 -0.26706 0.148778 0
0.665416 -0.271692 -0.0115 0
-0.929393 -0.089448 0.152078 0
-0.38127 0.043431 0.037491 0
-0.72957 -0.039315 0.105016 0
-0.280802 -0.093907 0.026209 0
0.67556 0.070263 -0.114272 0
-0.198334 0.185458 -0.009361 0
0.697356 -0.179709 -0.077047 0
0.73707 -0.205959 -0.049082 0
0.095317 -0.198795 0.025738 0
0.323689 -0.186113 -0.023804 0
-0.70141 -0.281774 0.167839 0
-0.53343 -0.314536 0.157729 0
-0.874804 0.092617 0.078881 0
-0.93075 -0.147672 0.177522 0
-0.455752 0.087775 0.034074 0
-0.499936 0.143342 0.029155 0
-0.481774 0.028151 0.053268 0
0.639824 0.24244 -0.136141 0
-0.932075 -0.181109 0.16087 0
-0.441385 -0.206643 0.07832 0
-0.237561 0.066052 0.013793 0
0.156543 -0.183912 0.001591 0
-0.53343 -0.314536 0.157729 0
0.337859 0.316451 -0.077444 0
0.147982 -0.191618 0.008535 0
-0.67733 -0.094475 0.121294 0
0.018783 0.114724 -0.029115 0
-0.343476 -0.017902 0.05505 0
-0.552168 -0.157728 0.07161 0
0.105584 -0.103218 -0.028516 0
0.859319 0.126797 -0.156161 0
0.908575 0.070321 -0.14867 0
0.9188 -0.315905 -0.040218 0
0.83181 -0.165179 -0.077692 0
0.542936 -0.034237 -0.085125 0
0.609366 -0.015046 -0.086458 0
0.276687 0.265512 -0.073619 0
0.567014 -0.116648 -0.098117 0
-0.772275 -0.088626 0.13067 0
0.418396 0.21437 -0.099389 0
0.673494 0.138112 -0.13073 0
-0.886611 -0.29063 0.19833 0
-0.584433 -0.298659 0.159182 0
-0.85689 -0.208619 0.162899 0
-0.691572 0.079694 0.060437 0
0.4493 -0.104083 -0.076993 0
0.51171 0.114452 -0.10212 0
-0.86666 -0.258854 0.182802 0
-0.202048 -0.091058 0.014348 0
-0.761067 -0.048335 0.111747 0
-0.036354 0.141112 -0.029143 0
-0.121388 -0.187771 0.040202 0
-0.159228 0.049313 0.008781 0
-0.83959 -0.095752 0.14281 0
-0.605349 -0.221096 0.133455 0
-0.274052 -0.125836 0.026273 0
0.076733 0.148786 -0.044449 0
-0.100352 0.062456 -0.002076 0
0.896581 0.142323 -0.165976 0
-0.125023 0.2252 -0.018139 0
-0.328286 -0.108818 0.027512 0
-0.717663 0.148998 0.053194 0
-0.03704 -0.203525 0.048605 0
0.65072 -0.149555 -0.099118 0
-0.731272 0.311063 0.071192 0
0.482683 0.037685 -0.073443 0
-0.612163 0.151043 0.042677 0
-0.219064 -0.162443 0.027742 0
0.821516 -0.250477 -0.042944 0
-0.602603 -0.230377 0.139244 0
-0.429279 -0.188785 0.068244 0
-0.02449 -0.186658 0.0254 0
0.707674 -0.056157 -0.117451 0
-0.567379 -0.020413 0.059595 0
-0.187213 -0.233052 0.087995 0
0.420671 0.030485 -0.061951 0
-0.465803 0.333031 0.038077 0
0.317221 0.132067 -0.076209 0
-0.281206 0.278161 0.004972 0
-0.015166 0.119963 -0.024541 0
-0.442419 -0.026443 0.050074 0
-0.216021 0.007724 0.031738 0
-0.740778 0.294493 0.069557 0
-0.14759 0.074458 -1.1e-05 0
0.697356 -0.179709 -0.077047 0
0.649125 0.031381 -0.096259 0
0.062052 -0.202373 0.030573 0
-0.930949 -0.102824 0.157104 0
-0.280507 0.16349 0.002303 0
0.418396 0.21437 -0.099389 0
-0.338296 -0.034012 0.050872 0
-0.629491 0.018489 0.07077 0
-0.702319 0.042978 0.071588 0
0.194434 -0.245637 0.043629 0
-0.320108 -0.080085 0.029646 0
-0.786506 0.074772 0.071528 0
0.178619 0.322791 -0.054211 0
-0.020797 -0.10546 -0.01071 0
0.906547 -0.137178 -0.097871 0
0.567014 -0.116648 -0.098117 0
0.67556 0.070263 -0.114272 0
0.860433 -0.126671 -0.092852 0
-0.724149 0.069881 0.065981 0
0.131061 -0.23502 0.049695 0
0.33716 -0.17169 -0.039903 0
-0.293254 0.303646 0.012287 0
-0.727456 -0.32149 0.187445 0
-0.246425 -0.176031 0.040061 0
0.818815 -0.289977 -0.027945 0
0.84666 -0.02621 -0.102516 0
0.51171 0.114452 -0.10212 0
-0.280802 -0.093907 0.026209 0
0.857072 0.123679 -0.156289 0
0.738831 0.287506 -0.147835 0
-0.859966 -0.202107 0.157414 0
-0.219822 0.155681 -0.00663 0
0.025161 -0.027941 0.01304 0
-0.8196 -0.259816 0.176959 0
0.564162 0.278734 -0.121109 0
0.189226 -0.206305 0.029198 0
0.857167 -0.296814 -0.03339 0
0.65072 -0.149555 -0.099118 0
-0.106325 0.126026 -0.014395 0
0.556842 0.186628 -0.120399 0
-0.461546 0.048425 0.044898 0
-0.184843 -0.196745 0.056741 0
-0.197004 0.301447 0.002518 0
0.550513 0.100383 -0.10459 0
0.016613 0.32587 -0.026504 0
-0.413023 -0.054483 0.045989 0
-0.63848 -0.261846 0.153124 0
0.253144 -0.007823 -0.019959 0
0.823328 -0.128759 -0.086804 0
-0.568383 -0.106418 0.063831 0
-0.724149 0.069881 0.065981 0
0.182522 -0.19397 0.007795 0
-0.182811 0.329504 0.001244 0
-0.863783 -0.198398 0.158525 0
0.095317 -0.198795 0.025738 0
-0.716529 0.096625 0.058843 0
0.18113 0.026695 -0.023271 0
-0.908692 -0.106584 0.156705 0
-0.691597 0.107923 0.056623 0
0.291941 0.09842 -0.062332 0
-0.380372 -0.000928 0.053158 0
-0.625273 0.279878 0.051474 0
-0.905733 -0.060567 0.136213 0
-0.245337 0.337984 0.010327 0
0.82118 0.080693 -0.140049 0
0.089367 0.143344 -0.044227 0
0.340039 0.2807 -0.088473 0
0.87032 0.105062 -0.152785 0
-0.054303 -0.16566 0.009447 0
0.571252 0.022034 -0.080295 0
0.543054 0.057675 -0.093589 0
0.632161 0.164191 -0.128923 0
-0.35706 0.326456 0.025059 0
0.195284 -0.055895 -0.029629 0
-0.605349 -0.221096 0.133455 0
0.82118 0.080693 -0.140049 0
0.624111 0.252986 -0.131746 0
0.626878 0.250482 -0.136463 0
-0.615623 0.129472 0.039585 0
0.783484 0.297262 -0.161227 0
0.738831 0.287506 -0.147835 0
-0.90097 -0.300891 0.201576 0
0.480628 -0.054286 -0.081851 0
0.340039 0.2807 -0.088473 0
0.794316 0.262661 -0.158884 0
0.884124 -0.067434 -0.091014 0
-0.492823 0.231289 0.02873 0
0.561493 -0.26708 0.000701 0
-0.804847 -0.201739 0.152613 0
0.446346 0.211332 -0.105055 0
-0.246425 -0.176031 0.040061 0
0.355683 0.143874 -0.082361 0
0.364956 0.03659 -0.058217 0
-0.391406 -0.271493 0.127179 0
0.707733 0.306666 -0.142033 0
0.178619 0.322791 -0.054211 0
-0.686074 0.277882 0.06186 0
0.577344 0.157503 -0.120379 0
0.705734 0.294488 -0.144224 0
-0.287505 -0.169988 0.040504 0
-0.523581 0.201844 0.030906 0
0.640653 -0.210292 -0.052819 0
-0.559284 -0.24899 0.14002 0
0.648539 -0.023513 -0.102201 0
-0.381439 0.218476 0.015461 0
-0.303 0.146917 0.006726 0
0.870192 -0.134342 -0.093783 0
-0.092681 -0.106958 0.002011 0
0.309558 -0.063272 -0.049146 0
0.053679 0.138681 -0.038857 0
-0.542938 -0.078309 0.048443 0
-0.234203 -0.119141 0.020949 0
0.282714 -0.112005 -0.052191 0
-0.035038 0.138115 -0.024876 0
-0.273814 -0.219993 0.095679 0
-0.06374 0.208504 -0.031628 0
-0.510169 -0.140408 0.074379 0
0.794316 0.262661 -0.158884 0
-0.380228 -0.078452 0.037614 0
0.265289 -0.30301 0.05077 0
0.494442 -0.26568 0.011584 0
-0.592053 0.09586 0.045981 0
-0.271434 -0.331746 0.123012 0
0.276687 0.265512 -0.073619 0
0.476359 -0.031588 -0.070896 0
0.290341 -0.172913 -0.033715 0
0.794625 0.053915 -0.127858 0
0.663382 0.075614 -0.115603 0
0.53547 -0.308135 0.014906 0
-0.683471 -0.316796 0.178888 0
-0.43073 -0.126159 0.048952 0
-0.908692 -0.106584 0.156705 0
0.505706 -0.117797 -0.088288 0
0.539678 0.269054 -0.119104 0
-0.054303 -0.16566 0.009447 0
0.133116 0.135417 -0.047904 0
0.863223 -0.153157 -0.0871 0
0.480628 -0.054286 -0.081851 0
-0.038412 -0.260932 0.07931 0
0.593773 0.137299 -0.121347 0
0.291941 0.09842 -0.062332 0
-0.415749 -0.124884 0.042546 0
-0.316916 0.180966 0.004901 0
0.857901 0.060992 -0.138449 0
0.198207 0.04092 -0.031342 0
-0.678695 0.035502 0.068423 0
-0.605349 -0.221096 0.133455 0
0.794316 0.262661 -0.158884 0
0.47545 0.013152 -0.064769 0
0.087921 0.000219 -0.002263 0
0.417541 -0.12557 -0.072294 0
-0.036354 0.141112 -0.029143 0
0.789307 0.227485 -0.159253 0
-0.280802 -0.093907 0.026209 0
-0.573192 0.178007 0.035316 0
0.598183 -0.235253 -0.014572 0
0.082507 0.285348 -0.042529 0
0.016203 0.012725 0.000698 0
0.440418 0.05938 -0.073876 0
-0.440034 -0.233341 0.092733 0
0.763837 0.318317 -0.152926 0
0.747195 0.039697 -0.113254 0
0.499013 0.120498 -0.097229 0
-0.928727 -0.112056 0.16155 0
0.378194 -0.018545 -0.04038 0
0.613451 -0.1047 -0.107428 0
0.151662 0.212914 -0.059639 0
0.447856 0.146572 -0.098903 0
0.062052 -0.202373 0.030573 0
-0.731272 0.311063 0.071192 0
-0.39503 0.212069 0.014125 0
-0.884835 -0.285936 0.195061 0
-0.356274 0.24383 0.014084 0
-0.481774 0.028151 0.053268 0
0.533305 0.062686 -0.091828 0
0.768562 -0.0991 -0.10148 0
-0.379913 -0.161511 0.045137 0
-0.612163 0.151043 0.042677 0
-0.492823 0.231289 0.02873 0
0.644144 0.074944 -0.109742 0
0.021957 0.116945 -0.030016 0
0.063874 0.00843 -0.003126 0
-0.410991 -0.245918 0.107136 0
-0.02449 -0.186658 0.0254 0
0.577418 0.006848 -0.07515 0
0.896581 0.142323 -0.165976 0
0.418396 0.21437 -0.099389 0
0.781162 -0.245417 -0.039773 0
-0.558966 0.20122 0.03498 0
0.928231 -0.131457 -0.104626 0
-0.932075 -0.181109 0.16087 0
0.446377 0.230147 -0.105324 0
0.147624 0.221028 -0.059883 0
-0.092681 -0.106958 0.002011 0
-0.218688 0.137293 -0.001086 0
-0.060055 0.11436 -0.019937 0
0.912977 -0.015489 -0.115345 0
-0.161662 -0.132586 0.01446 0
0.878667 -0.099584 -0.074316 0
0.626878 0.250482 -0.136463 0
-0.222299 0.25424 -0.005736 0
-0.703691 -0.153428 0.125592 0
0.488012 0.038092 -0.074646 0
-0.03965 -0.235647 0.07219 0
-0.092243 -0.063198 0.009721 0
0.410764 0.19961 -0.098803 0
-0.222755 -0.190239 0.055679 0
0.232154 0.22533 -0.069071 0
-0.63848 -0.261846 0.153124 0
0.920466 -0.210016 -0.072409 0
0.850261 0.253503 -0.168815 0
0.268645 -0.065785 -0.043072 0
-0.387937 -0.313681 0.138092 0
0.482683 0.037685 -0.073443 0
-0.74625 -0.025079 0.101901 0
0.028926 0.014496 6.9e-05 0
0.440418 0.05938 -0.073876 0
-0.156883 -0.179466 0.036316 0
-0.93075 -0.147672 0.177522 0
-0.703691 -0.153428 0.125592 0
0.857072 0.123679 -0.156289 0
-0.738756 -0.121406 0.141033 0
-0.025537 0.022748 -0.002125 0
-0.312826 0.281335 0.011245 0
0.807551 -0.1678 -0.072777 0
0.763809 -0.310407 -0.015424 0
0.813804 -0.258629 -0.038386 0
-0.067974 0.082579 -0.008759 0
-0.43073 -0.126159 0.048952 0
0.294936 -0.046389 -0.041675 0
0.168061 -0.252488 0.051089 0
-0.092527 -0.152806 0.013012 0
0.282394 -0.11512 -0.047564 0
-0.203745 -0.304564 0.113485 0
0.287163 0.072095 -0.054306 0
-0.168194 0.332468 -0.001523 0
0.081604 0.085597 -0.029422 0
-0.424528 0.202888 0.020266 0
0.731912 -0.054846 -0.116588 0
-0.064792 -0.287175 0.092055 0
0.016613 0.32587 -0.026504 0
-0.069087 -0.141585 -0.001877 0
0.498677 -0.290308 0.015213 0
-0.03965 -0.235647 0.07219 0
0.069756 -0.003328 -0.000354 0
0.494938 -0.318647 0.02285 0
-0.713143 -0.321449 0.183388 0
-0.03965 -0.235647 0.07219 0
0.697356 -0.179709 -0.077047 0
0.014529 -0.126407 -0.008948 0
0.053679 0.138681 -0.038857 0
-0.802774 -0.0107 0.101993 0
-0.35706 0.326456 0.025059 0
0.521628 -0.126389 -0.091859 0
-0.222755 -0.190239 0.055679 0
-0.223029 -0.255565 0.100383 0
-0.000628 0.307224 -0.028396 0
-0.356852 0.111563 0.018253 0
-0.74625 -0.025079 0.101901 0
0.634088 -0.143697 -0.099852 0
0.804999 0.025115 -0.117041 0
-0.271434 -0.331746 0.123012 0
0.297662 -0.085414 -0.052506 0
-0.898075 0.188422 0.076173 0
-0.004135 -0.145865 -0.006478 0
0.157465 -0.046574 -0.019202 0
0.155146 0.126584 -0.053085 0
0.830074 -0.146758 -0.086304 0
-0.362522 -0.123702 0.036972 0
0.335327 -0.121196 -0.056499 0
-0.03965 -0.235647 0.07219 0
-0.424528 0.202888 0.020266 0
-0.340786 -0.077705 0.033204 0
0.340352 0.0395 -0.05323 0
-0.413023 -0.054483 0.045989 0
-0.424375 0.189983 0.017046 0
-0.691572 0.079694 0.060437 0
-0.586749 0.043664 0.058015 0
0.673494 0.138112 -0.13073 0
-0.804847 -0.201739 0.152613 0
-0.048655 0.131432 -0.022962 0
0.505706 -0.117797 -0.088288 0
-0.600407 -0.105294 0.075113 0
-0.629491 0.018489 0.07077 0
-0.067838 0.230139 -0.024935 0
0.71387 -0.181542 -0.073262 0
-0.908692 -0.106584 0.156705 0
-0.366796 0.193265 0.01248 0
0.024509 0.056741 -0.015199 0
0.033375 0.331352 -0.032091 0
-0.197004 0.301447 0.002518 0
-0.873726 -0.040075 0.123183 0
0.294936 -0.046389 -0.041675 0
-0.825702 -0.318685 0.198094 0
0.633699 0.302632 -0.130448 0
0.321094 0.102707 -0.06653 0
-0.150692 0.089858 -0.001529 0
0.081998 0.269307 -0.046282 0
0.648539 -0.023513 -0.102201 0
0.583203 -0.178153 -0.076061 0
0.521628 -0.126389 -0.091859 0
0.062858 0.198926 -0.045283 0
0.553392 0.082108 -0.101027 0
-0.324861 -0.044191 0.046227 0
-0.520435 0.023324 0.05703 0
-0.52879 -0.264784 0.139411 0
-0.510169 -0.140408 0.074379 0
-0.360684 0.142842 0.014745 0
0.076695 0.305381 -0.040423 0
0.229146 -0.006848 -0.019406 0
-0.230922 -0.297126 0.114022 0
0.62763 0.103877 -0.115885 0
-0.219064 -0.162443 0.027742 0
-0.440034 -0.233341 0.092733 0
-0.125023 0.2252 -0.018139 0
0.221271 0.14405 -0.063766 0
0.522919 0.001238 -0.068848 0
0.891938 -0.009599 -0.115406 0
-0.271434 -0.331746 0.123012 0
-0.324782 -0.063602 0.032997 0
0.41889 0.25156 -0.100282 0
-0.340633 -0.044511 0.051425 0
-0.851935 -0.237894 0.171891 0
0.858923 0.280685 -0.167415 0
0.40199 0.236996 -0.096478 0
-0.807637 0.259548 0.072651 0
-0.093853 -0.156 0.010268 0
0.186705 0.161903 -0.059197 0
0.834733 -0.260474 -0.041547 0
0.121616 -0.068253 -0.01935 0
-0.924402 0.068775 0.090358 0
-0.038412 -0.260932 0.07931 0
-0.684008 0.284148 0.0595 0
-0.55461 0.132781 0.034996 0
0.690241 0.268773 -0.142194 0
-0.677663 -0.168718 0.122884 0
-0.819334 -0.177641 0.145817 0
0.47545 0.013152 -0.064769 0
0.640648 0.211186 -0.136107 0
0.558178 0.172325 -0.119974 0
0.08168 -0.206535 0.036491 0
-0.118603 0.248263 -0.018879 0
-0.93075 -0.147672 0.177522 0
-0.223029 -0.255565 0.100383 0
-0.70141 -0.281774 0.167839 0
-0.689839 0.092835 0.056902 0
0.639824 0.24244 -0.136141 0
0.404262 0.138919 -0.090825 0
0.635004 0.224235 -0.134436 0
-0.287636 0.283753 0.007007 0
0.071683 0.291273 -0.042118 0
0.912977 -0.015489 -0.115345 0
-0.652027 0.219848 0.047069 0
0.903223 -0.218552 -0.065199 0
0.31705 -0.294769 0.040585 0
-0.023395 0.243272 -0.031321 0
-0.360684 0.142842 0.014745 0
-0.315939 -0.316036 0.129063 0
0.418396 0.21437 -0.099389 0
-0.326965 0.129034 0.012853 0
-0.324861 -0.044191 0.046227 0
-0.362493 -0.004204 0.051949 0
-0.803952 0.235438 0.067521 0
-0.08707 -0.329535 0.099774 0
0.284037 0.15606 -0.074689 0
0.593773 0.137299 -0.121347 0
0.05446 0.267467 -0.040192 0
-0.731049 0.114017 0.058205 0
-0.506028 -0.078038 0.04291 0
0.785186 -0.002279 -0.103525 0
0.468839 -0.015596 -0.060771 0
-0.908692 -0.106584 0.156705 0
0.68569 0.152658 -0.134882 0
-0.2774 0.00852 0.039019 0
0.014529 -0.126407 -0.008948 0
0.51171 0.114452 -0.10212 0
-0.492826 0.042208 0.048198 0
0.603535 0.143943 -0.12257 0
-0.616742 -0.144093 0.09981 0
-0.558854 0.054849 0.052213 0
-0.03704 -0.203525 0.048605 0
0.157465 -0.046574 -0.019202 0
-0.454761 0.196269 0.023096 0
-0.086323 0.319249 -0.013372 0
-0.605349 -0.221096 0.133455 0
-0.083676 -0.289455 0.094529 0
-0.798441 0.102625 0.068136 0
-0.185545 -0.293456 0.10552 0
0.488012 0.038092 -0.074646 0
-0.280802 -0.093907 0.026209 0
0.618483 -0.016492 -0.090612 0
0.016203 0.012725 0.000698 0
-0.533665 0.012523 0.062613 0
0.586271 -0.136873 -0.097817 0
-0.319013 0.151158 0.009293 0
0.547295 -0.034731 -0.087126 0
-0.774387 -0.235189 0.161727 0
-0.197004 0.301447 0.002518 0
-0.150692 0.089858 -0.001529 0
-0.592053 0.09586 0.045981 0
-0.505242 0.244665 0.031013 0
-0.023323 -0.27247 0.081998 0
0.016613 0.32587 -0.026504 0
0.82656 -0.100264 -0.068852 0
0.091235 0.171291 -0.045575 0
-0.522301 -0.031736 0.048914 0
-0.054606 -0.033454 0.023552 0
0.448447 -0.274311 0.020007 0
0.860433 -0.126671 -0.092852 0
0.340039 0.2807 -0.088473 0
0.026838 0.246413 -0.037825 0
0.128727 0.210093 -0.053878 0
0.608089 -0.145895 -0.099699 0
0.037485 -0.013052 0.008543 0
0.634088 -0.143697 -0.099852 0
-0.371485 0.085947 0.026956 0
0.021727 0.192144 -0.038101 0
0.719304 0.1834 -0.1443 0
-0.43073 -0.126159 0.048952 0
0.881997 -0.071452 -0.089822 0
-0.51999 -0.190827 0.081776 0
-0.492823 0.231289 0.02873 0
-0.781359 -0.121273 0.146618 0
0.65072 -0.149555 -0.099118 0
-0.777975 -0.310282 0.191033 0
-0.411825 -0.323425 0.14367 0
-0.605349 -0.221096 0.133455 0
0.765844 -0.31718 -0.017746 0
0.157465 -0.046574 -0.019202 0
-0.30557 0.023603 0.037058 0
0.497032 0.010836 -0.065355 0
0.903223 -0.218552 -0.065199 0
-0.324782 -0.063602 0.032997 0
0.528079 -0.239263 -0.004758 0
-0.707059 -0.014813 0.091053 0
-0.45385 0.222295 0.024269 0
-0.624663 -0.209932 0.127368 0
0.475051 0.10682 -0.09202 0
-0.523581 0.201844 0.030906 0
-0.02026 0.225059 -0.033276 0
0.499013 0.120498 -0.097229 0
-0.724149 0.069881 0.065981 0
-0.187213 -0.233052 0.087995 0
0.908575 0.070321 -0.14867 0
-0.85689 -0.208619 0.162899 0
-0.391406 -0.271493 0.127179 0
-0.929393 -0.089448 0.152078 0
0.625583 0.149538 -0.126834 0
0.586271 -0.136873 -0.097817 0
0.410764 0.19961 -0.098803 0
0.826949 0.217721 -0.165445 0
0.463361 0.172356 -0.10355 0
-0.098826 0.172835 -0.021815 0
0.095317 -0.198795 0.025738 0
-0.038993 0.166438 -0.029806 0
-0.093853 -0.156 0.010268 0
-0.902756 -0.049113 0.130767 0
-0.481774 0.028151 0.053268 0
-0.106016 -0.196492 0.048024 0
0.857597 0.246705 -0.170794 0
0.351841 -0.094237 -0.062593 0
-0.899769 -0.2262 0.172705 0
-0.86755 0.221749 0.074614 0
0.928231 -0.131457 -0.104626 0
0.521628 -0.126389 -0.091859 0
-0.394303 0.034002 0.041832 0
0.71387 -0.181542 -0.073262 0
0.56235 0.317083 -0.116041 0
-0.635641 0.24135 0.048441 0
0.418396 0.21437 -0.099389 0
0.836028 0.179561 -0.162867 0
0.117485 -0.178826 0.001563 0
-0.415749 -0.124884 0.042546 0
0.069656 0.211898 -0.047561 0
0.906547 -0.137178 -0.097871 0
-0.601595 -0.115353 0.078139 0
0.65072 -0.149555 -0.099118 0
-0.72957 -0.039315 0.105016 0
-0.74625 -0.025079 0.101901 0
-0.343476 -0.017902 0.05505 0
-0.290003 -0.097052 0.028085 0
-0.321076 0.022722 0.036812 0
-0.562652 0.219082 0.036188 0
-0.563921 -0.003413 0.062864 0
0.133257 -0.163451 -0.012793 0
-0.46031 0.01757 0.053107 0
-0.454761 0.196269 0.023096 0
0.477526 -0.090229 -0.079501 0
0.522919 0.001238 -0.068848 0
-0.310628 0.174191 0.006163 0
0.306264 -0.206507 -0.00288 0
0.857597 0.246705 -0.170794 0
0.147624 0.221028 -0.059883 0
-0.223029 -0.255565 0.100383 0
0.661442 0.256042 -0.139568 0
0.051611 0.004893 -0.000302 0
-0.020011 0.153654 -0.031288 0
0.028926 0.014496 6.9e-05 0
-0.303 0.146917 0.006726 0
0.65072 -0.149555 -0.099118 0
-0.714699 -0.174628 0.129319 0
0.165937 0.293111 -0.052951 0
-0.378897 -0.332253 0.141141 0
-0.60301 0.097721 0.046053 0
-0.048655 0.131432 -0.022962 0
-0.754418 -0.010001 0.096449 0
0.685278 -0.312655 -0.005844 0
0.05446 0.267467 -0.040192 0
-0.020011 0.153654 -0.031288 0
0.50923 0.269955 -0.112248 0
-0.614047 -0.177208 0.105348 0
0.786668 -0.068867 -0.086407 0
0.030739 0.181227 -0.038987 0
-0.717663 0.148998 0.053194 0
-0.761067 -0.048335 0.111747 0
-0.330256 0.170216 0.007763 0
0.75998 -0.010544 -0.094669 0
0.095317 -0.198795 0.025738 0
0.025161 -0.027941 0.01304 0
-0.293254 0.303646 0.012287 0
-0.125023 0.2252 -0.018139 0
0.148094 -0.097011 -0.031815 0
-0.237618 0.001041 0.036068 0
0.328865 -0.232583 0.021927 0
0.446346 0.211332 -0.105055 0
-0.340786 -0.077705 0.033204 0
0.85172 -0.13426 -0.090108 0
0.562053 0.195886 -0.123067 0
0.870192 -0.134342 -0.093783 0
-0.764156 0.090657 0.068389 0
0.53547 -0.308135 0.014906 0
0.442025 -0.279755 0.019275 0
0.5588 0.001125 -0.070845 0
-0.880811 -0.20115 0.161622 0
-0.054303 -0.16566 0.009447 0
0.665864 0.102807 -0.118915 0
0.278596 0.294391 -0.072404 0
0.071683 0.291273 -0.042118 0
0.910417 -0.155117 -0.090925 0
-0.455752 0.087775 0.034074 0
0.663382 0.075614 -0.115603 0
0.476632 0.111609 -0.096046 0
-0.56655 -0.258718 0.144238 0
-0.026669 -0.084982 -0.007342 0
0.482683 0.037685 -0.073443 0
0.41889 0.25156 -0.100282 0
0.845393 0.223771 -0.167925 0
-0.020011 0.153654 -0.031288 0
-0.683471 -0.316796 0.178888 0
0.906547 -0.137178 -0.097871 0
0.147565 0.097723 -0.040479 0
-0.699247 0.341777 0.072508 0
0.807336 -0.029561 -0.09644 0
-0.601866 0.087293 0.048495 0
0.053575 0.095159 -0.029673 0
0.705734 0.294488 -0.144224 0
-0.269865 0.299625 0.006995 0
0.373193 0.066482 -0.068002 0
0.198207 0.04092 -0.031342 0
0.447756 0.203339 -0.103461 0
-0.21072 -0.187986 0.051125 0
0.045233 -0.185465 0.016826 0
0.483351 -0.230553 -0.001465 0
-0.237618 0.001041 0.036068 0
-0.614047 -0.177208 0.105348 0
-0.197004 0.301447 0.002518 0
-0.608354 -0.036049 0.073772 0
0.634088 -0.143697 -0.099852 0
-0.060792 -0.060641 0.004397 0
-0.093853 -0.156 0.010268 0
-0.552168 -0.157728 0.07161 0
-0.522301 -0.031736 0.048914 0
-0.050462 -0.13436 -0.00104 0
0.772217 0.027985 -0.113512 0
0.530428 0.186093 -0.113699 0
0.807144 -0.235048 -0.04717 0
0.653087 -0.03482 -0.106739 0
0.018783 0.114724 -0.029115 0
0.794359 -0.058094 -0.086112 0
-0.72957 -0.039315 0.105016 0
0.754943 0.055983 -0.121999 0
0.574472 -0.162422 -0.09235 0
-0.682544 -0.164559 0.12088 0
0.888226 0.233505 -0.175115 0
0.141442 0.250168 -0.055074 0
-0.122934 0.033349 0.010545 0
0.150244 0.111985 -0.045616 0
-0.02026 0.225059 -0.033276 0
-0.520021 0.144335 0.029792 0
-0.360684 0.142842 0.014745 0
0.157465 -0.046574 -0.019202 0
-0.562652 0.219082 0.036188 0
0.188169 0.211033 -0.05965 0
0.150319 0.043864 -0.027188 0
-0.72957 -0.039315 0.105016 0
0.558178 0.172325 -0.119974 0
0.140424 -0.156686 -0.019813 0
0.771823 0.202351 -0.155275 0
0.371583 -0.111426 -0.063632 0
-0.623335 0.034302 0.063327 0
-0.552168 -0.157728 0.07161 0
0.446346 0.211332 -0.105055 0
-0.710128 -0.314446 0.181089 0
0.673494 0.138112 -0.13073 0
0.533305 0.062686 -0.091828 0
-0.175079 0.119372 -0.003474 0
0.200388 -0.102655 -0.040581 0
0.200137 0.005858 -0.021459 0
-0.455752 0.087775 0.034074 0
0 0 0 0
0 0 0 0
0 0 0 0
0 0 0 0
0 0 0 0
0 0 0 0
0 0 0 0
0 0 0 0
0 0 0 0
0 0 0 0
0 0 0 0
0 0 0 0
0 0 0 0
0 0 0 0
0 0 0 0
0 0 0 0
0 0 0 0
0 0 0 0
0 0 0 0
0 0 0 0
0 0 0 0
0 0 0 0
0 0 0 0
0 0 0 0
